1950 235 0 0 0 15 0
1951 20 0 0 0 61 169
1952 0 166 36 16 32 0
1953 0 0 96 0 154 0
1954 0 0 0 125 0 125
1955 85 0 0 118 25 22
1956 151 0 0 0 99 0
1957 14 28 84 70 0 54
1958 136 0 0 0 114 0
1959 140 0 21 0 89 0
1960 0 0 78 0 67 105
1961 0 0 144 0 0 106
1962 76 36 138 0 0 0
1963 131 0 0 17 0 102
1964 19 0 0 114 38 79
1965 130 0 0 0 15 105
1966 0 0 46 59 96 49
1967 39 211 0 0 0 0
1968 209 0 41 0 0 0
1969 0 141 0 0 109 0
1970 32 37 14 154 13 0
1971 48 0 52 0 84 66
1972 69 100 0 21 60 0
1973 49 0 0 25 176 0
1974 0 0 0 0 0 250
1975 66 29 0 21 0 134
1976 0 0 15 142 93 0
1977 0 109 14 127 0 0
1978 19 0 204 0 0 27
1979 34 22 0 194 0 0
1980 94 0 0 77 0 79
1981 0 0 130 16 18 86
1982 0 0 50 95 105 0
1983 210 0 16 24 0 0
1984 0 82 25 26 117 0
1985 0 0 47 97 106 0
1986 14 0 0 236 0 0
1987 22 171 0 57 0 0
1988 0 24 0 0 0 226
1989 110 0 0 45 95 0
1990 0 0 0 0 250 0
1991 13 62 0 110 0 65
1992 0 0 0 105 145 0
1993 72 16 0 54 108 0
1994 56 0 0 0 0 194
1995 34 0 0 216 0 0
1996 26 0 14 0 0 210
1997 0 209 0 24 17 0
1998 91 0 107 0 0 52
1999 121 0 0 129 0 0
2000 26 0 84 0 60 80
2001 56 0 0 86 108 0
2002 0 101 0 15 134 0
2003 139 90 0 21 0 0
2004 0 128 0 0 70 52
2005 0 143 0 38 69 0
2006 79 171 0 0 0 0
2007 126 0 0 0 0 124
2008 116 0 134 0 0 0
2009 0 121 71 38 20 0
2010 99 21 0 117 13 0
2011 43 43 0 145 0 19
2012 87 0 16 0 18 129
2013 0 22 105 0 93 30
2014 53 0 29 0 76 92
2015 37 156 0 43 0 14
2016 0 98 0 0 132 20
2017 0 0 16 65 0 169
2018 32 0 0 0 119 99
2019 51 53 0 18 37 91
2020 129 87 15 0 19 0
