1950 0 159 0 91 0 0
1951 144 0 106 0 0 0
1952 153 13 54 15 0 15
1953 17 13 0 0 185 35
1954 0 0 0 93 143 14
1955 0 0 80 122 0 48
1956 37 0 0 0 171 42
1957 15 41 125 33 36 0
1958 116 0 45 89 0 0
1959 0 150 0 100 0 0
1960 0 0 0 0 250 0
1961 105 112 16 0 0 17
1962 0 93 0 157 0 0
1963 0 0 0 0 37 213
1964 0 0 124 0 0 126
1965 0 0 120 116 14 0
1966 0 18 0 34 13 185
1967 0 184 0 0 66 0
1968 13 0 0 29 32 176
1969 0 250 0 0 0 0
1970 74 0 176 0 0 0
1971 0 0 0 0 250 0
1972 0 67 0 90 0 93
1973 0 145 0 0 0 105
1974 26 14 191 0 19 0
1975 81 50 16 0 0 103
1976 14 0 107 14 115 0
1977 0 154 24 40 32 0
1978 61 47 85 0 0 57
1979 163 0 24 63 0 0
1980 0 149 0 0 101 0
1981 109 0 31 110 0 0
1982 130 120 0 0 0 0
1983 130 106 0 0 14 0
1984 0 217 33 0 0 0
1985 0 23 69 18 45 95
1986 160 23 0 0 49 18
1987 0 0 0 23 212 15
1988 0 21 21 101 0 107
1989 0 0 154 0 0 96
1990 0 41 209 0 0 0
1991 216 0 0 0 18 16
1992 0 0 17 178 55 0
1993 0 0 27 203 0 20
1994 0 0 124 0 126 0
1995 0 51 0 68 0 131
1996 40 0 151 35 0 24
1997 0 0 0 0 14 236
1998 0 216 0 34 0 0
1999 0 0 0 16 207 27
2000 19 102 0 18 111 0
2001 75 144 0 13 0 18
2002 37 0 86 19 61 47
2003 128 0 0 0 101 21
2004 0 0 0 45 112 93
2005 0 23 31 196 0 0
2006 90 54 0 106 0 0
2007 0 32 120 32 54 12
2008 0 17 0 146 0 87
2009 91 112 0 0 0 47
2010 23 0 23 25 0 179
2011 14 26 62 135 0 13
2012 140 0 42 47 21 0
2013 22 0 157 28 0 43
2014 0 133 92 25 0 0
2015 0 97 0 141 0 12
2016 0 250 0 0 0 0
2017 0 68 0 93 89 0
2018 0 0 159 18 0 73
2019 0 233 17 0 0 0
2020 26 0 99 26 99 0
